image_width: 2080
image_height: 1552
camera_name: pg_18549320
camera_matrix:
  rows: 3
  cols: 3
  data: [990.039580, 0.000000, 953.494156, 0.000000, 991.453517, 753.311486, 0.000000, 0.000000, 1.000000]
distortion_model: plumb_bob
distortion_coefficients:
  rows: 1
  cols: 5
  data: [-0.247632, 0.045362, -0.000092, 0.001698, 0.000000]
rectification_matrix:
  rows: 3
  cols: 3
  data: [1.000000, 0.000000, 0.000000, 0.000000, 1.000000, 0.000000, 0.000000, 0.000000, 1.000000]
projection_matrix:
  rows: 3
  cols: 4
  data: [686.399231, 0.000000, 969.995924, 0.000000, 0.000000, 798.174988, 739.480694, 0.000000, 0.000000, 0.000000, 1.000000, 0.000000]
